# CPU K-Means (all with 50 iterations)
#
#Threads  #Points   #Features #Clusters Time(msec)
1         32768     3         3         52.13 
8         32768     3         3         50.03
1         32768     30        3         243.19
8         32768     30        3         96.7
1         32768     300       3         1840.04
8         32768     300       3         469.83
1         32768     3         30        314.2
8         32768     3         30        93.4
1         32768     30        30        1693.11
8         32768     30        30        377.88
1         32768     300       30        13917.8
8         32768     300       30        3532.76
1         32768     3         300       2213.01
8         32768     3         300       478.84
1         32768     30        300       15003.42
8         32768     30        300       3536.64
1         32768     300       300       135737.37
8         32768     300       300       34491.56

1         65536     3         3         103.82
8         65536     3         3         88.76
1         65536     30        3         491.08
8         65536     30        3         210.35
1         65536     300       3         3680.14
8         65536     300       3         941.25
1         65536     3         30        630.16
8         65536     3         30        157.65
1         65536     30        30        3388.78
8         65536     30        30        759.89
1         65536     300       30        27835.88
8         65536     300       30        7054.8
1         65536     3         300       4422.2
8         65536     3         300       963.03
1         65536     30        300       30018.9
8         65536     30        300       7082.4
1         65536     300       300
8         65536     300       300

1         131072    3         3         207.7
8         131072    3         3         183.8
1         131072    30        3         985.4
8         131072    30        3         426.2
1         131072    300       3         7356.5
8         131072    300       3         1879.7
1         131072    3         30        1252.7
8         131072    3         30        330.58
1         131072    30        30        6779.6
8         131072    30        30        1520.16
1         131072    300       30        55661.46
8         131072    300       30        14101.08
1         131072    3         300       8843.3
8         131072    3         300       1923.9
1         131072    30        300       60037.8
8         131072    30        300       14213.36
1         131072    300       300
8         131072    300       300

