# CUDA K-Means (all with 50 iterations)
#
#Points   #Features #Clusters Time(msec)  GPU Time  Mem Xfer Time

32768     3         3         224.88      1.83      12.1

32768     30        3         261.3       12.5      14.5

32768     300       3         858.76      123.32    37.67

32768     3         30        233.99      9.46      12.13

32768     30        30        361.08      106.16    14.74

32768     300       30        1844.55     1109.6    38.3

32768     3         300       307.4       85.85     12.15

32768     30        300       1292.6      1042.5    15.0

32768     300       300       11827.6     11082.6   52.8


65536     3         3         246.6       2.9       22.97

65536     30        3         331.26      23.0      27.9

65536     300       3         1484.6      221.88    73.04

65536     3         30        259.56      17.2      23

65536     30        30        502.67      194.6     28.23

65536     300       30        3250.6      1988.04   73.5

65536     3         300       403.7       159.8     22.75

65536     30        300       2229.7      1916.47   28.5

65536     300       300       21035.5     19787.7   88.2


131072    3         3         282.35      4.89      44.58

131072    30        3         471.3       43.1      54.06

131072    300       3         2739.8      421.1     143.7

131072    3         30        315.46      32.6      44.6

131072    30        30        800.8       376.9     54.0

131072    300       30        6048.3      3759.9    144.2

131072    3         300       582.9       308.4     44.0

131072    30        300       4131.5      3704.0    54.73

131072    300       300       39682.9     37405.8   158.7

