# Parakeet K-Means w/ Textures Enabled on Tesla
#
#Pts    #F  K   Time(msec)  GPU     Mem xfer  Interp  PTX Comp

32768   30  3   208.23      60.36   5.92      106.6   17.25

32768   30  30  1321.34     380.2   66.06     848.9   18.54

65536   30  3   252.29      87.7    6.88      122.05  17.07

65536   30  30  1560.5      509.7   64.98     951.5   17.44

131072  30  3   355.23      146.97  8.91      157.39  17.66

131072  30  30  2143.44     873.7   66.68     1153.8  18.07

262144  30  3   559.5       266.0   12.29     229.03  17.83

262144  30  30  3236.13     1468.33 67.41     1596.14 17.81
