# Parsec Black-Scholes ICC
# NumOptions NumThreads TimeInMilliseconds
1048576   1   154.664
1048576   1   152.280
1048576   1   153.860
1048576   1   174.965
1048576   1   173.615
1048576   1   175.595
1048576   1   175.977
1048576   1   175.284
1048576   1   175.452
1048576   1   176.785

1048576   2   95.661
1048576   2   92.406
1048576   2   89.593
1048576   2   92.054
1048576   2   94.078
1048576   2   91.773
1048576   2   90.663
1048576   2   92.368
1048576   2   92.621
1048576   2   91.003

1048576   4   49.540
1048576   4   51.452
1048576   4   49.774
1048576   4   51.346
1048576   4   48.478
1048576   4   48.838
1048576   4   53.941
1048576   4   53.230
1048576   4   49.112
1048576   4   50.567

1048576   8   37.700
1048576   8   36.814
1048576   8   32.293
1048576   8   38.172
1048576   8   34.421
1048576   8   35.876
1048576   8   37.444
1048576   8   29.254
1048576   8   43.061
1048576   8   30.259

2097152   1   331.588
2097152   1   331.532
2097152   1   337.818
2097152   1   338.487
2097152   1   337.032
2097152   1   339.322
2097152   1   338.837
2097152   1   335.486
2097152   1   337.121
2097152   1   339.301

2097152   2   175.868
2097152   2   173.146
2097152   2   169.129
2097152   2   175.374
2097152   2   173.616
2097152   2   175.420
2097152   2   169.528
2097152   2   173.941
2097152   2   175.007
2097152   2   176.773

2097152   4   94.715
2097152   4   92.916
2097152   4   89.679
2097152   4   90.202
2097152   4   88.823
2097152   4   93.394
2097152   4   94.334
2097152   4   94.702
2097152   4   89.248
2097152   4   91.219

2097152   8   62.980
2097152   8   63.831
2097152   8   58.263
2097152   8   52.656
2097152   8   62.749
2097152   8   49.066
2097152   8   46.449
2097152   8   49.806
2097152   8   69.129
2097152   8   50.008

4194304   1   662.695
4194304   1   656.344
4194304   1   657.204
4194304   1   651.226
4194304   1   652.657
4194304   1   661.444
4194304   1   656.926
4194304   1   659.129
4194304   1   658.248
4194304   1   656.448

4194304   2   328.774
4194304   2   296.468
4194304   2   333.419
4194304   2   335.346
4194304   2   335.175
4194304   2   335.112
4194304   2   332.720
4194304   2   329.593
4194304   2   333.159
4194304   2   330.774

4194304   4   170.658
4194304   4   172.707
4194304   4   171.825
4194304   4   173.397
4194304   4   172.212
4194304   4   169.748
4194304   4   171.044
4194304   4   167.870
4194304   4   172.731
4194304   4   170.874

4194304   8   121.371
4194304   8   115.843
4194304   8   131.175
4194304   8   84.268
4194304   8   131.123
4194304   8   87.265
4194304   8   133.575
4194304   8   110.148
4194304   8   95.894
4194304   8   107.255

8388608   1   1302.588
8388608   1   1208.833
8388608   1   1304.810
8388608   1   1305.774
8388608   1   1302.613
8388608   1   1148.904
8388608   1   1297.067
8388608   1   1294.292
8388608   1   1295.299
8388608   1   1295.599

8388608   2   585.914
8388608   2   651.119
8388608   2   588.710
8388608   2   657.259
8388608   2   656.620
8388608   2   663.098
8388608   2   658.479
8388608   2   655.099
8388608   2   655.260
8388608   2   657.174

8388608   4   327.557
8388608   4   335.093
8388608   4   330.784
8388608   4   297.904
8388608   4   330.168
8388608   4   329.534
8388608   4   328.506
8388608   4   297.619
8388608   4   297.345
8388608   4   326.688

8388608   8   164.129
8388608   8   156.802
8388608   8   170.705
8388608   8   192.850
8388608   8   164.124
8388608   8   174.154
8388608   8   170.048
8388608   8   157.659
8388608   8   194.572
8388608   8   203.009

16777216  1   2306.481
16777216  1   2337.150
16777216  1   2298.980
16777216  1   2581.561
16777216  1   2296.288
16777216  1   2583.472
16777216  1   2298.405
16777216  1   2306.710
16777216  1   2288.244
16777216  1   2305.198

16777216  2   1313.362
16777216  2   1155.349
16777216  2   1307.286
16777216  2   1297.003
16777216  2   1297.515
16777216  2   1294.838
16777216  2   1296.294
16777216  2   1295.339
16777216  2   1297.628
16777216  2   1298.753

16777216  4   651.940
16777216  4   653.994
16777216  4   655.218
16777216  4   620.121
16777216  4   652.906
16777216  4   640.684
16777216  4   641.042
16777216  4   652.022
16777216  4   648.181
16777216  4   649.031

16777216  8   309.261
16777216  8   303.294
16777216  8   316.507
16777216  8   303.129
16777216  8   339.315
16777216  8   331.855
16777216  8   307.930
16777216  8   300.050
16777216  8   332.697
16777216  8   305.239
