# K-Means CPU 4-Thread Cluster performance
# NumVecs NumFeatures NumCentroids  NumIters  TimeMilliseconds
32768     3           3             58        269.806
32768     30          3             123       587.996
32768     300         3             6         107.217
32768     3           30            197       741.451
32768     30          30            280       3449.007
32768     300         30            69        7084.061
32768     3           300           141       2226.83
32768     30          300           104       10106.995
32768     300         300           34        30462.389
65536     3           3             73        409.445
65536     30          3             463       4216.053
65536     300         3             6         211.88
65536     3           30            181       1337.71
65536     30          30            330       7486.191
65536     300         30            112       20385.133
65536     3           300           206       6452.813
65536     30          300           161       34695.362
65536     300         300           71        125190.107
131072    3           3             267       3201.641
131072    30          3             501       9950.178
131072    300         3             6         378.551
131072    3           30            269       3966.778
131072    30          30            501       22908.853
131072    300         30            253       101718.655
131072    3           300           325       18155.337
131072    30          300           412       158686.915
131072    300         300           135       493626.372
262144    3           3             165       3209.004
262144    30          3             501       17966.669
262144    300         3             6         761.216
262144    3           30            458       12932.535
262144    30          30            501       50759.668
262144    300         30            501       385667.854
262144    3           300           500       55715.850
262144    30          300           412       317438.61
262144    300         300           146       1021665.947
524288    3           3             153       5763.253
524288    30          3             501       35966.737
524288    300         3             8         2089.317
524288    3           30            501       27100.023
524288    30          30            501       91786.583
524288    300         30            501       778515.41
524288    3           300           501       111806.226
524288    30          300           501       797324.453
524288    300         300           328       4809484.729
